238
1067
299
1180
578
948
1321
341
930
708
260
582
633
1388
228
865
624
294
1510
1068
227
478
498
1515
1071
1264
1111
275
361
556
790
151
811
1021
202
635
602
535
221
487
371
211
137
768
240
172
670
647
651
198
571
236
143
615
757
230
225
411
609
252
198
378
488
801
164
948
196
232
171
552
262
171
420
501
186
189
391
401
258
174
754
308
289
181
1033
334
921
248
1023
360
220
381
230
282
184
367
542
383
149
375
493
282
205
390
260
177
401
284
658
220
424
441
234
201
987
630
226
136
353
576
753
260
396
789
154
824
1485
229
224
231
317
293
196
541
760
213
375
398
379
159
454
328
654
400
1168
317
141
318
356
257
381
540
302
181
184
957
1344
406
174
204
271
277
541
704
290
181
372
502
346
145
321
282
201
147
185
207
354
191
223
912
272
204
481
335
414
230
296
219
175
286
165
438
169
851
329
229
192
573
1174
249
432
774
310
181
184
168
209
161
243
281
448
152
655
265
607
179
186
458
364
186
411
579
184
252
207
828
177
360
782
183
