13
11
7
12
8
10
8
12
14
7
18
21
8
14
16
10
9
16
11
9
18
20
17
9
10
12
9
7
24
20
8
10
15
9
18
13
12
17
11
13
7
12
21
12
6
10
10
17
8
18
8
5
9
12
13
10
14
16
8
11
9
19
15
12
21
13
11
10
18
8
11
4
19
5
18
26
21
11
13
24
16
5
7
25
8
22
8
16
14
23
18
13
31
19
23
21
5
20
32
18
10
5
11
15
24
17
20
24
12
14
11
23
31
19
11
18
32
23
14
11
13
11
11
13
21
12
13
37
18
16
11
9
12
19
20
21
13
10
6
28
25
3
7
22
16
11
17
30
18
24
24
13
17
24
16
18
14
21
34
18
25
25
13
6
17
18
21
15
24
13
14
32
15
33
31
38
20
34
4
15
15
30
27
24
6
6
3
30
43
31
16
13
25
10
17
32
18
14
13
10
15
9
18
39
8
48
24
26
32
16
9
13
15
10
13
20
19
18
12
15
8
10
22
28
28
6
32
35
10
13
