4
13
11
11
15
10
9
12
9
10
5
7
6
11
7
3
17
7
10
7
17
4
12
10
7
12
11
11
10
11
7
10
8
9
2
8
9
7
5
4
9
5
10
7
6
2
7
12
8
4
12
6
16
8
3
1
8
17
12
3
4
5
6
5
18
19
2
6
3
15
5
2
5
12
10
3
4
7
5
4
8
14
11
3
9
14
5
8
4
7
4
3
6
1
12
4
10
3
13
15
8
19
5
6
2
5
18
1
6
7
4
2
2
4
10
16
0
0
12
8
6
22
15
3
5
11
10
1
10
4
10
4
29
8
6
14
16
4
11
5
2
7
11
5
11
14
19
4
7
0
1
10
5
11
3
7
10
19
17
8
11
0
22
33
2
6
6
5
7
8
4
2
3
0
2
6
3
0
43
13
10
21
4
11
14
24
20
5
8
5
7
3
7
6
17
6
12
8
16
16
3
8
13
5
14
3
0
12
15
11
4
3
7
16
12
0
10
14
6
3
20
24
25
6
3
15
6
4
13
22
