757
718
222
523
581
278
581
1115
308
337
280
399
231
142
241
497
290
481
622
995
367
512
352
192
282
1233
274
1001
385
1076
214
303
391
459
208
338
769
547
442
359
965
1223
635
308
251
239
571
262
829
221
868
349
229
233
236
302
840
235
190
257
784
601
199
187
789
597
234
672
477
146
543
1177
534
259
621
1341
258
631
961
387
1581
307
945
430
233
318
480
481
749
227
273
314
791
271
592
236
289
264
822
313
221
324
853
223
721
538
271
999
273
248
678
254
540
370
415
850
564
160
374
647
962
197
661
441
695
276
302
563
201
229
255
889
202
297
264
261
259
435
369
257
536
365
727
265
337
607
924
251
298
742
895
388
510
239
666
342
212
462
627
208
207
231
268
435
200
965
599
190
249
375
356
173
234
842
232
747
274
871
141
220
447
571
225
207
681
296
818
371
350
922
215
352
712
786
224
730
511
685
689
345
288
320
1374
261
227
519
229
277
815
453
570
395
211
842
283
780
204
273
1180
242
763
263
295
479
326
283
255
1182

47
540
404
373
396
1204
238
1067
299
1180
578
948
1321
341
930
708
260
582
633
1388
228
865
624
294
1510
1068
227
478
498
1515
1071
1264
1111
275
361
556
790
151
811
1021
202
635
602
535
221
487
371
211
137
768
240
172
670
647
651
198
571
236
143
615
757
230
225
411
609
252
198
378
488
801
164
948
196
232
171
552
262
171
420
501
186
189
391
401
258
174
754
308
289
181
1033
334
921
248
1023
360
220
381
230
282
184
367
542
383
149
375
493
282
205
390
260
177
401
284
658
220
424
441
234
201
987
630
226
136
353
576
753
260
396
789
154
824
1485
229
224
231
317
293
196
541
760
213
375
398
379
159
454
328
654
400
1168
317
141
318
356
257
381
540
302
181
184
957
1344
406
174
204
271
277
541
704
290
181
372
502
346
145
321
282
201
147
185
207
354
191
223
912
272
204
481
335
414
230
296
219
175
286
165
438
169
851
329
229
192
573
1174
249
432
774
310
181
184
168
209
161
243
281
448
152
655
265
607
179
186
458
364
186
411
579
184
252
207
828
177
360
782
183
