950
4106
1078
4960
2174
3497
5012
1215
3997
2602
891
2089
2302
5653
800
3155
2315
1019
6239
4043
759
1718
1790
6579
3934
4923
3980
998
1250
1997
3723
482
2937
3816
660
2447
2170
1883
771
1673
1348
695
435
3623
848
575
2469
2269
2482
679
2627
795
450
2231
2738
762
743
1514
2180
935
679
1273
1641
2886
552
3689
635
752
571
2416
910
571
1460
1730
595
652
1343
1356
883
583
2895
1065
1052
651
3938
1107
3468
843
4096
1303
767
1357
754
979
632
1256
1949
1430
492
1325
1846
988
707
1825
913
595
1432
1005
2394
776
1511
1556
807
740
3674
2354
746
431
1218
2111
3250
979
1345
2811
503
2990
5646
833
792
802
1103
1847
682
1935
2720
723
1288
1327
1371
514
1570
1073
2307
1425
5073
1178
460
1143
1320
827
1304
2091
1074
611
632
3504
5121
1551
557
712
1020
960
2927
2532
986
611
1370
1806
1291
467
1108
980
700
475
627
679
1258
626
744
3311
922
703
1721
1212
2076
781
1044
738
562
1061
538
1495
572
3223
1123
786
664
2150
5255
874
1584
2844
1137
575
632
559
687
540
859
949
1590
495
2418
885
2153
612
614
1603
1343
640
1802
2127
614
886
724
3100
595
1302
2747
668
