9
9
24
20
11
18
14
12
14
16
16
14
16
14
23
13
14
17
12
20
18
6
11
13
12
14
14
20
12
8
13
24
17
16
26
12
10
15
17
7
7
29
21
16
41
25
15
10
12
18
14
20
21
8
11
17
20
4
6
23
23
11
9
8
7
8
37
17
34
7
13
17
11
24
17
8
2
7
8
18
12
22
24
17
9
23
12
36
8
24
5
7
18
15
2
4
11
13
8
1
9
29
5
16
9
32
2
8
5
13
5
14
7
19
10
23
5
10
1
8
27
6
23
9
5
10
16
13
1
8
9
35
9
15
6
11
10
10
16
28
1
10
12
14
12
31
31
6
3
1
1
5
9
9
9
10
15
23
5
8
12
5
9
14
2
14
4
8
19
5
2
6
17
2
1
5
2
1
4
10
16
6
1
4
24
4
28
9
7
2
15
3
4
8
18
4
7
11
10
32
9
8
14
7
11
14
1
1
2
2
4
15
11
20
2
12
3
13
16
16
12
16
20
1
16
10
6
7
7
7
