175
171
192
198
204
200
195
195
192
193
190
189
189
193
199
191
189
188
186
201
193
191
186
192
212
198
194
191
189
188
188
197
199
189
187
188
182
184
183
180
176
175
174
172
180
183
189
187
186
187
189
191
192
196
187
180
181
182
185
188
191
191
185
176
175
177
185
184
182
179
179
177
180
178
176
173
170
172
171
171
167
176
180
183
183
190
187
188
185
188
194
191
187
184
180
180
177
180
179
177
175
177
181
177
175
175
175
177
174
177
177
176
175
172
177
185
183
181
178
175
175
183
193
189
179
177
182
190
188
184
180
182
186
194
187
181
182
178
175
175
173
170
172
173
179
196
202
201
193
187
176
169
169
171
171
174
186
196
199
198
196
191
184
202
199
192
186
178
182
186
185
180
177
173
169
166
162
159
159
167
172
174
172
165
172
181
186
188
186
183
180
173
172
169
171
169
169
168
178
199
200
194
187
187
187
186
181
179
179
173
170
166
166
166
171
171
169
168
168
171
178
186
188
186
183
180
185
181
177
180
