-200
-769
-977
-803
-143
-913
-454
534
-799
-676
-792
-811
-892
-985
-901
-847
-896
-472
-68
607
-514
-1030
-795
-911
-971
885
-828
-517
-276
179
-888
-895
374
370
101
195
1922
424
341
204
724
2181
388
209
120
112
552
159
652
144
1714
1650
1000
1050
1025
1415
4185
1010
805
1130
3685
2800
880
820
3670
3345
1015
3115
2080
605
2490
5680
2815
1140
3060
6510
1175
2910
5285
1810
8235
1340
5235
1995
1000
1455
2215
2150
3470
980
1240
1395
4555
1170
2675
945
1290
1165
4065
1440
980
1395
4460
1010
3370
2405
1160
4750
1240
1135
4025
1135
2455
1635
1850
4075
3190
685
1645
3100
4485
860
3090
1960
3705
1215
1375
2660
900
1000
1110
4300
905
1410
1135
1180
1150
2790
1620
1170
2425
1600
3400
1190
1580
2950
4805
1130
1315
3415
4495
1725
2335
1050
3025
1535
955
2125
3790
925
930
1050
1165
2100
895
5175
2870
805
1090
1700
1575
750
1025
4035
1025
3420
1215
4625
600
995
2010
2820
980
920
3160
1315
3945
1740
1585
4375
1560
1505
3255
3755
1005
3900
2360
3330
3815
1660
1325
1465
6495
1170
1020
3210
1060
1290
3800
2010
2970
1750
940
4055
1270
4115
915
1250
5535
1025
3600
1170
1360
2975
1515
1250
1130
5555
3480
3175
915
985
3865
1190
1310
1095
3310
4420
850
1225
1580
3230
1715
975
1970
2162
1761
949
1335
555
767
971
1146
666
887
1374
3072
767
690
3597
84
2047
1503
1379
1472
4694
950
4106
1078
4960
2174
3497
5012
1215
3997
2602
891
2089
2302
5653
800
3155
2315
1019
6239
4043
759
1718
1790
6579
3934
4923
3980
998
1250
1997
3723
482
2937
3816
660
2447
2170
1883
771
1673
1348
695
435
3623
848
575
2469
2269
2482
679
2627
795
450
2231
2738
762
743
1514
2180
935
679
1273
1641
2886
552
3689
635
752
571
2416
910
571
1460
1730
595
652
1343
1356
883
583
2895
1065
1052
651
3938
1107
3468
843
4096
1303
767
1357
754
979
632
1256
1949
1430
492
1325
1846
988
707
1825
913
595
1432
1005
2394
776
1511
1556
807
740
3674
2354
746
431
1218
2111
3250
979
1345
2811
503
2990
5646
833
792
802
1103
1847
682
1935
2720
723
1288
1327
1371
514
1570
1073
2307
1425
5073
1178
460
1143
1320
827
1304
2091
1074
611
632
3504
5121
1551
557
712
1020
960
2927
2532
986
611
1370
1806
1291
467
1108
980
700
475
627
679
1258
626
744
3311
922
703
1721
1212
2076
781
1044
738
562
1061
538
1495
572
3223
1123
786
664
2150
5255
874
1584
2844
1137
575
632
559
687
540
859
949
1590
495
2418
885
2153
612
614
1603
1343
640
1802
2127
614
886
724
3100
595
1302
2747
668
