6
16
5
9
22
10
11
7
12
12
7
12
5
11
16
12
10
4
13
10
6
16
8
13
11
9
9
3
8
6
12
29
12
12
5
10
5
15
4
11
9
3
6
10
19
9
11
7
18
14
14
8
11
13
5
2
6
12
13
5
11
17
7
15
5
10
25
6
2
11
6
2
11
6
2
6
17
7
3
8
8
12
19
10
9
6
13
2
7
6
10
28
4
5
1
12
12
4
2
10
12
16
15
9
4
6
15
4
16
12
24
8
2
3
17
10
2
8
15
19
5
30
10
6
4
11
10
0
10
16
5
3
21
5
6
5
11
5
23
8
12
8
12
8
10
10
11
9
3
3
8
9
12
9
8
9
9
7
6
28
3
5
10
13
5
11
14
6
5
5
22
1
3
2
6
4
4
8
29
5
6
5
18
6
3
33
15
9
6
7
5
8
9
16
5
4
2
14
15
7
17
13
1
2
13
7
1
19
11
3
22
7
14
13
8
4
14
6
11
15
15
15
7
11
0
15
14
6
16
11
